35.35,55.33
1,79.77,35.86,150.90,0
2,2.44,99.68,293.89,0
3,90.76,0.01,225.03,0
4,31.65,67.94,132.57,0
5,44.11,22.39,329.06,0
35.35,55.33
1,79.77,35.86,150.90,0
2,3.77,83.61,274.72,0
3,90.76,0.01,225.03,0
4,31.65,67.94,132.57,0
5,44.11,22.39,329.06,0
35.35,55.33
1,79.77,35.86,150.90,0
2,3.77,83.61,274.72,0
3,83.78,88.15,239.50,0
4,31.65,67.94,132.57,0
5,44.11,22.39,329.06,0
35.35,55.33
1,79.77,35.86,150.90,0
2,3.77,83.61,274.72,0
3,83.78,88.15,239.50,0
4,17.79,68.86,176.19,0
5,44.11,22.39,329.06,0
35.35,55.33
1,79.77,35.86,150.90,0
2,3.77,83.61,274.72,0
3,83.78,88.15,239.50,0
4,17.79,68.86,176.19,0
5,62.99,13.46,334.69,0
35.35,55.33
1,47.61,46.71,161.36,0
2,3.77,83.61,274.72,0
3,83.78,88.15,239.50,0
4,17.79,68.86,176.19,0
5,62.99,13.46,334.69,0
47.96,47.26
1,47.61,46.71,161.36,0
2,22.57,64.85,315.05,1
3,83.78,88.15,239.50,0
4,17.79,68.86,176.19,0
5,62.99,13.46,334.69,0
47.96,47.26
1,47.61,46.71,161.36,0
2,22.57,64.85,315.05,1
3,69.46,87.09,184.24,0
4,17.79,68.86,176.19,0
5,62.99,13.46,334.69,0
47.96,47.26
1,47.61,46.71,161.36,0
2,22.57,64.85,315.05,1
3,69.46,87.09,184.24,0
4,5.99,61.99,210.22,0
5,62.99,13.46,334.69,0
47.96,47.26
1,47.61,46.71,161.36,0
2,22.57,64.85,315.05,1
3,69.46,87.09,184.24,0
4,5.99,61.99,210.22,0
5,67.41,10.51,326.28,0
47.96,47.26
1,26.42,49.75,171.82,0
2,22.57,64.85,315.05,1
3,69.46,87.09,184.24,0
4,5.99,61.99,210.22,0
5,67.41,10.51,326.28,0
47.96,47.26
1,26.42,49.75,171.82,0
2,25.34,44.02,277.59,1
3,69.46,87.09,184.24,0
4,5.99,61.99,210.22,0
5,67.41,10.51,326.28,0
47.96,47.26
1,26.42,49.75,171.82,0
2,25.34,44.02,277.59,1
3,54.77,77.21,213.93,0
4,5.99,61.99,210.22,0
5,67.41,10.51,326.28,0
47.96,47.26
1,26.42,49.75,171.82,0
2,25.34,44.02,277.59,1
3,54.77,77.21,213.93,0
4,97.37,53.62,224.16,0
5,67.41,10.51,326.28,0
47.96,47.26
1,26.42,49.75,171.82,0
2,25.34,44.02,277.59,1
3,54.77,77.21,213.93,0
4,97.37,53.62,224.16,0
5,91.64,93.38,324.73,0
47.96,47.26
1,78.91,45.52,185.09,0
2,25.34,44.02,277.59,1
3,54.77,77.21,213.93,0
4,97.37,53.62,224.16,0
5,91.64,93.38,324.73,0
47.96,47.26
1,78.91,45.52,185.09,0
2,59.71,9.75,315.09,1
3,54.77,77.21,213.93,0
4,97.37,53.62,224.16,0
5,91.64,93.38,324.73,0
47.96,47.26
1,78.91,45.52,185.09,0
2,59.71,9.75,315.09,1
3,57.50,28.49,273.20,0
4,97.37,53.62,224.16,0
5,91.64,93.38,324.73,0
47.96,47.26
1,78.91,45.52,185.09,0
2,59.71,9.75,315.09,1
3,57.50,28.49,273.20,0
4,93.26,47.72,235.10,0
5,91.64,93.38,324.73,0
47.96,47.26
1,78.91,45.52,185.09,0
2,59.71,9.75,315.09,1
3,57.50,28.49,273.20,0
4,93.26,47.72,235.10,0
5,32.27,93.38,360.00,0
47.96,47.26
1,52.69,41.33,189.09,0
2,59.71,9.75,315.09,1
3,57.50,28.49,273.20,0
4,93.26,47.72,235.10,0
5,32.27,93.38,360.00,0
47.96,47.26
1,52.69,41.33,189.09,0
2,92.27,78.75,316.40,1
3,57.50,28.49,273.20,0
4,93.26,47.72,235.10,0
5,32.27,93.38,360.00,0
47.96,47.26
1,52.69,41.33,189.09,0
2,92.27,78.75,316.40,1
3,69.77,19.57,323.96,0
4,93.26,47.72,235.10,0
5,32.27,93.38,360.00,0
47.96,47.26
1,52.69,41.33,189.09,0
2,92.27,78.75,316.40,1
3,69.77,19.57,323.96,0
4,76.29,37.45,211.20,0
5,32.27,93.38,360.00,0
47.96,47.26
1,52.69,41.33,189.09,0
2,92.27,78.75,316.40,1
3,69.77,19.57,323.96,0
4,76.29,37.45,211.20,0
5,56.94,93.38,360.00,0
47.96,47.26
1,18.59,26.76,203.13,0
2,92.27,78.75,316.40,1
3,69.77,19.57,323.96,0
4,76.29,37.45,211.20,0
5,56.94,93.38,360.00,0
47.96,47.26
1,18.59,26.76,203.13,0
2,97.13,29.25,275.60,1
3,69.77,19.57,323.96,0
4,76.29,37.45,211.20,0
5,56.94,93.38,360.00,0
47.96,47.26
1,18.59,26.76,203.13,0
2,97.13,29.25,275.60,1
3,68.69,8.40,264.49,0
4,76.29,37.45,211.20,0
5,56.94,93.38,360.00,0
47.96,47.26
1,18.59,26.76,203.13,0
2,97.13,29.25,275.60,1
3,68.69,8.40,264.49,0
4,50.66,9.92,227.04,0
5,56.94,93.38,360.00,0
47.96,47.26
1,18.59,26.76,203.13,0
2,97.13,29.25,275.60,1
3,68.69,8.40,264.49,0
4,50.66,9.92,227.04,0
5,60.77,91.44,333.15,0
47.96,47.26
1,9.82,16.09,230.60,0
2,97.13,29.25,275.60,1
3,68.69,8.40,264.49,0
4,50.66,9.92,227.04,0
5,60.77,91.44,333.15,0
47.96,47.26
1,9.82,16.09,230.60,0
2,99.89,95.22,274.64,1
3,68.69,8.40,264.49,0
4,50.66,9.92,227.04,0
5,60.77,91.44,333.15,0
47.96,47.26
1,9.82,16.09,230.60,0
2,99.89,95.22,274.64,1
3,36.85,75.50,225.94,0
4,50.66,9.92,227.04,0
5,60.77,91.44,333.15,0
47.96,47.26
1,9.82,16.09,230.60,0
2,99.89,95.22,274.64,1
3,36.85,75.50,225.94,0
4,17.06,80.83,220.89,0
5,60.77,91.44,333.15,0
47.96,47.26
1,9.82,16.09,230.60,0
2,99.89,95.22,274.64,1
3,36.85,75.50,225.94,0
4,17.06,80.83,220.89,0
5,67.14,91.44,360.00,0
47.96,47.26
1,9.03,15.27,225.76,0
2,99.89,95.22,274.64,1
3,36.85,75.50,225.94,0
4,17.06,80.83,220.89,0
5,67.14,91.44,360.00,0
47.96,47.26
1,9.03,15.27,225.76,0
2,1.61,92.13,299.13,1
3,36.85,75.50,225.94,0
4,17.06,80.83,220.89,0
5,67.14,91.44,360.00,0
47.96,47.26
1,9.03,15.27,225.76,0
2,1.61,92.13,299.13,1
3,36.18,75.56,175.43,0
4,17.06,80.83,220.89,0
5,67.14,91.44,360.00,0
47.96,47.26
1,9.03,15.27,225.76,0
2,1.61,92.13,299.13,1
3,36.18,75.56,175.43,0
4,90.75,56.56,222.68,0
5,67.14,91.44,360.00,0
47.96,47.26
1,9.03,15.27,225.76,0
2,1.61,92.13,299.13,1
3,36.18,75.56,175.43,0
4,90.75,56.56,222.68,0
5,9.93,77.60,342.07,0
47.96,47.26
1,91.68,86.44,238.97,0
2,1.61,92.13,299.13,1
3,36.18,75.56,175.43,0
4,90.75,56.56,222.68,0
5,9.93,77.60,342.07,0
47.96,47.26
1,91.68,86.44,238.97,0
2,1.89,91.70,302.75,1
3,36.18,75.56,175.43,0
4,90.75,56.56,222.68,0
5,9.93,77.60,342.07,0
47.96,47.26
1,91.68,86.44,238.97,0
2,1.89,91.70,302.75,1
3,11.59,67.04,199.09,0
4,90.75,56.56,222.68,0
5,9.93,77.60,342.07,0
47.96,47.26
1,91.68,86.44,238.97,0
2,1.89,91.70,302.75,1
3,11.59,67.04,199.09,0
4,86.67,31.83,260.64,0
5,9.93,77.60,342.07,0
47.96,47.26
1,91.68,86.44,238.97,0
2,1.89,91.70,302.75,1
3,11.59,67.04,199.09,0
4,86.67,31.83,260.64,0
5,24.55,40.63,291.57,0
47.96,47.26
1,92.48,64.22,272.05,0
2,1.89,91.70,302.75,1
3,11.59,67.04,199.09,0
4,86.67,31.83,260.64,0
5,24.55,40.63,291.57,0
47.96,47.26
1,92.48,64.22,272.05,0
2,11.30,80.59,310.29,1
3,11.59,67.04,199.09,0
4,86.67,31.83,260.64,0
5,24.55,40.63,291.57,0
47.96,47.26
1,92.48,64.22,272.05,0
2,11.30,80.59,310.29,1
3,86.96,62.99,189.34,0
4,86.67,31.83,260.64,0
5,24.55,40.63,291.57,0
47.96,47.26
1,92.48,64.22,272.05,0
2,11.30,80.59,310.29,1
3,86.96,62.99,189.34,0
4,89.36,92.00,273.86,0
5,24.55,40.63,291.57,0
47.96,47.26
1,92.48,64.22,272.05,0
2,11.30,80.59,310.29,1
3,86.96,62.99,189.34,0
4,89.36,92.00,273.86,0
5,21.01,28.01,254.37,0
47.96,47.26
1,66.29,31.21,231.57,0
2,11.30,80.59,310.29,1
3,86.96,62.99,189.34,0
4,89.36,92.00,273.86,0
5,21.01,28.01,254.37,0
47.96,47.26
1,66.29,31.21,231.57,0
2,14.98,76.11,309.38,1
3,86.96,62.99,189.34,0
4,89.36,92.00,273.86,0
5,21.01,28.01,254.37,0
47.96,47.26
1,66.29,31.21,231.57,0
2,14.98,76.11,309.38,1
3,80.34,52.04,238.84,0
4,89.36,92.00,273.86,0
5,21.01,28.01,254.37,0
47.96,47.26
1,66.29,31.21,231.57,0
2,14.98,76.11,309.38,1
3,80.34,52.04,238.84,0
4,82.88,52.64,260.65,0
5,21.01,28.01,254.37,0
47.96,47.26
1,66.29,31.21,231.57,0
2,14.98,76.11,309.38,1
3,80.34,52.04,238.84,0
4,82.88,52.64,260.65,0
5,1.09,5.53,228.45,0
47.96,47.26
1,43.98,6.47,227.94,0
2,14.98,76.11,309.38,1
3,80.34,52.04,238.84,0
4,82.88,52.64,260.65,0
5,1.09,5.53,228.45,0
47.96,47.26
1,43.98,6.47,227.94,0
2,19.21,33.95,275.74,1
3,80.34,52.04,238.84,0
4,82.88,52.64,260.65,0
5,1.09,5.53,228.45,0
47.96,47.26
1,43.98,6.47,227.94,0
2,19.21,33.95,275.74,1
3,80.42,51.42,277.78,0
4,82.88,52.64,260.65,0
5,1.09,5.53,228.45,0
47.96,47.26
1,43.98,6.47,227.94,0
2,19.21,33.95,275.74,1
3,80.42,51.42,277.78,0
4,71.59,47.11,206.10,0
5,1.09,5.53,228.45,0
47.96,47.26
1,43.98,6.47,227.94,0
2,19.21,33.95,275.74,1
3,80.42,51.42,277.78,0
4,71.59,47.11,206.10,0
5,77.80,5.22,180.77,0
9.46,8.59
1,45.80,69.57,272.83,1
2,19.21,33.95,275.74,1
3,80.42,51.42,277.78,0
4,71.59,47.11,206.10,0
5,77.80,5.22,180.77,0
9.46,8.59
1,45.80,69.57,272.83,1
2,2.65,95.06,246.94,1
3,80.42,51.42,277.78,0
4,71.59,47.11,206.10,0
5,77.80,5.22,180.77,0
9.46,8.59
1,45.80,69.57,272.83,1
2,2.65,95.06,246.94,1
3,92.24,20.21,290.73,0
4,71.59,47.11,206.10,0
5,77.80,5.22,180.77,0
9.46,8.59
1,45.80,69.57,272.83,1
2,2.65,95.06,246.94,1
3,92.24,20.21,290.73,0
4,43.69,19.21,225.00,0
5,77.80,5.22,180.77,0
9.46,8.59
1,45.80,69.57,272.83,1
2,2.65,95.06,246.94,1
3,92.24,20.21,290.73,0
4,43.69,19.21,225.00,0
5,61.97,84.14,233.09,0
9.46,8.59
1,79.52,36.76,315.78,1
2,2.65,95.06,246.94,1
3,92.24,20.21,290.73,0
4,43.69,19.21,225.00,0
5,61.97,84.14,233.09,0
9.46,8.59
1,79.52,36.76,315.78,1
2,87.73,71.03,238.15,1
3,92.24,20.21,290.73,0
4,43.69,19.21,225.00,0
5,61.97,84.14,233.09,0
9.46,8.59
1,79.52,36.76,315.78,1
2,87.73,71.03,238.15,1
3,79.67,1.83,235.64,0
4,43.69,19.21,225.00,0
5,61.97,84.14,233.09,0
9.46,8.59
1,79.52,36.76,315.78,1
2,87.73,71.03,238.15,1
3,79.67,1.83,235.64,0
4,94.09,15.88,183.84,0
5,61.97,84.14,233.09,0
9.46,8.59
1,79.52,36.76,315.78,1
2,87.73,71.03,238.15,1
3,79.67,1.83,235.64,0
4,94.09,15.88,183.84,0
5,60.20,73.87,260.21,0
9.46,8.59
1,91.30,25.11,315.33,1
2,87.73,71.03,238.15,1
3,79.67,1.83,235.64,0
4,94.09,15.88,183.84,0
5,60.20,73.87,260.21,0
9.46,8.59
1,91.30,25.11,315.33,1
2,42.29,53.11,201.52,1
3,79.67,1.83,235.64,0
4,94.09,15.88,183.84,0
5,60.20,73.87,260.21,0
9.46,8.59
1,91.30,25.11,315.33,1
2,42.29,53.11,201.52,1
3,76.92,99.91,215.03,0
4,94.09,15.88,183.84,0
5,60.20,73.87,260.21,0
9.46,8.59
1,91.30,25.11,315.33,1
2,42.29,53.11,201.52,1
3,76.92,99.91,215.03,0
4,81.55,19.24,164.99,0
5,60.20,73.87,260.21,0
9.46,8.59
1,91.30,25.11,315.33,1
2,42.29,53.11,201.52,1
3,76.92,99.91,215.03,0
4,81.55,19.24,164.99,0
5,74.15,56.83,309.31,0
9.46,8.59
1,5.62,25.11,360.00,1
2,42.29,53.11,201.52,1
3,76.92,99.91,215.03,0
4,81.55,19.24,164.99,0
5,74.15,56.83,309.31,0
9.46,8.59
1,5.62,25.11,360.00,1
2,35.17,27.94,254.21,1
3,76.92,99.91,215.03,0
4,81.55,19.24,164.99,0
5,74.15,56.83,309.31,0
9.46,8.59
1,5.62,25.11,360.00,1
2,35.17,27.94,254.21,1
3,76.14,99.56,203.84,0
4,81.55,19.24,164.99,0
5,74.15,56.83,309.31,0
9.46,8.59
1,5.62,25.11,360.00,1
2,35.17,27.94,254.21,1
3,76.14,99.56,203.84,0
4,47.79,17.62,182.75,0
5,74.15,56.83,309.31,0
9.46,8.59
1,5.62,25.11,360.00,1
2,35.17,27.94,254.21,1
3,76.14,99.56,203.84,0
4,47.79,17.62,182.75,0
5,75.55,40.43,274.86,0
9.46,8.59
1,18.52,15.45,323.19,1
2,35.17,27.94,254.21,1
3,76.14,99.56,203.84,0
4,47.79,17.62,182.75,0
5,75.55,40.43,274.86,0
9.46,8.59
1,18.52,15.45,323.19,1
2,33.31,19.60,257.44,1
3,76.14,99.56,203.84,0
4,47.79,17.62,182.75,0
5,75.55,40.43,274.86,0
9.46,8.59
1,18.52,15.45,323.19,1
2,33.31,19.60,257.44,1
3,60.40,72.14,240.14,0
4,47.79,17.62,182.75,0
5,75.55,40.43,274.86,0
9.46,8.59
1,18.52,15.45,323.19,1
2,33.31,19.60,257.44,1
3,60.40,72.14,240.14,0
4,47.53,17.55,194.29,0
5,75.55,40.43,274.86,0
9.46,8.59
1,18.52,15.45,323.19,1
2,33.31,19.60,257.44,1
3,60.40,72.14,240.14,0
4,47.53,17.55,194.29,0
5,73.60,37.33,237.91,0
9.46,8.59
1,29.01,82.99,287.90,1
2,33.31,19.60,257.44,1
3,60.40,72.14,240.14,0
4,47.53,17.55,194.29,0
5,73.60,37.33,237.91,0
9.46,8.59
1,29.01,82.99,287.90,1
2,32.66,4.22,267.57,1
3,60.40,72.14,240.14,0
4,47.53,17.55,194.29,0
5,73.60,37.33,237.91,0
9.46,8.59
1,29.01,82.99,287.90,1
2,32.66,4.22,267.57,1
3,52.75,59.11,239.57,0
4,47.53,17.55,194.29,0
5,73.60,37.33,237.91,0
9.46,8.59
1,29.01,82.99,287.90,1
2,32.66,4.22,267.57,1
3,52.75,59.11,239.57,0
4,39.14,20.08,163.24,0
5,73.60,37.33,237.91,0
9.46,8.59
1,29.01,82.99,287.90,1
2,32.66,4.22,267.57,1
3,52.75,59.11,239.57,0
4,39.14,20.08,163.24,0
5,75.78,30.68,288.14,0
9.46,8.59
1,23.86,51.14,260.83,1
2,32.66,4.22,267.57,1
3,52.75,59.11,239.57,0
4,39.14,20.08,163.24,0
5,75.78,30.68,288.14,0
9.46,8.59
1,23.86,51.14,260.83,1
2,5.13,82.83,217.85,1
3,52.75,59.11,239.57,0
4,39.14,20.08,163.24,0
5,75.78,30.68,288.14,0
9.46,8.59
1,23.86,51.14,260.83,1
2,5.13,82.83,217.85,1
3,57.81,42.89,287.33,0
4,39.14,20.08,163.24,0
5,75.78,30.68,288.14,0
9.46,8.59
1,23.86,51.14,260.83,1
2,5.13,82.83,217.85,1
3,57.81,42.89,287.33,0
4,7.21,20.39,179.44,0
5,75.78,30.68,288.14,0
9.46,8.59
1,23.86,51.14,260.83,1
2,5.13,82.83,217.85,1
3,57.81,42.89,287.33,0
4,7.21,20.39,179.44,0
5,92.21,92.38,293.22,0
9.46,8.59
1,1.82,17.76,236.56,1
2,5.13,82.83,217.85,1
3,57.81,42.89,287.33,0
4,7.21,20.39,179.44,0
5,92.21,92.38,293.22,0
9.46,8.59
1,1.82,17.76,236.56,1
2,87.69,78.03,195.40,1
3,57.81,42.89,287.33,0
4,7.21,20.39,179.44,0
5,92.21,92.38,293.22,0
9.46,8.59
1,1.82,17.76,236.56,1
2,87.69,78.03,195.40,1
3,74.21,26.42,314.88,0
4,7.21,20.39,179.44,0
5,92.21,92.38,293.22,0
9.46,8.59
1,1.82,17.76,236.56,1
2,87.69,78.03,195.40,1
3,74.21,26.42,314.88,0
4,92.88,13.77,204.81,0
5,92.21,92.38,293.22,0
9.46,8.59
1,1.82,17.76,236.56,1
2,87.69,78.03,195.40,1
3,74.21,26.42,314.88,0
4,92.88,13.77,204.81,0
5,69.34,59.33,235.31,0
9.46,8.59
1,92.51,14.42,199.71,1
2,87.69,78.03,195.40,1
3,74.21,26.42,314.88,0
4,92.88,13.77,204.81,0
5,69.34,59.33,235.31,0
9.46,8.59
1,92.51,14.42,199.71,1
2,68.35,85.52,158.83,1
3,74.21,26.42,314.88,0
4,92.88,13.77,204.81,0
5,69.34,59.33,235.31,0
9.46,8.59
1,92.51,14.42,199.71,1
2,68.35,85.52,158.83,1
3,94.68,83.52,295.50,0
4,92.88,13.77,204.81,0
5,69.34,59.33,235.31,0
9.46,8.59
1,92.51,14.42,199.71,1
2,68.35,85.52,158.83,1
3,94.68,83.52,295.50,0
4,62.72,18.94,170.26,0
5,69.34,59.33,235.31,0
9.46,8.59
1,92.51,14.42,199.71,1
2,68.35,85.52,158.83,1
3,94.68,83.52,295.50,0
4,62.72,18.94,170.26,0
5,70.06,29.61,271.40,0
9.46,8.59
1,89.20,12.65,208.12,1
2,68.35,85.52,158.83,1
3,94.68,83.52,295.50,0
4,62.72,18.94,170.26,0
5,70.06,29.61,271.40,0
9.46,8.59
1,89.20,12.65,208.12,1
2,46.61,7.29,134.95,1
3,94.68,83.52,295.50,0
4,62.72,18.94,170.26,0
5,70.06,29.61,271.40,0
9.46,8.59
1,89.20,12.65,208.12,1
2,46.61,7.29,134.95,1
3,3.33,55.11,286.93,0
4,62.72,18.94,170.26,0
5,70.06,29.61,271.40,0
9.46,8.59
1,89.20,12.65,208.12,1
2,46.61,7.29,134.95,1
3,3.33,55.11,286.93,0
4,51.74,18.49,182.36,0
5,70.06,29.61,271.40,0
9.46,8.59
1,89.20,12.65,208.12,1
2,46.61,7.29,134.95,1
3,3.33,55.11,286.93,0
4,51.74,18.49,182.36,0
5,54.16,18.30,215.41,0
9.46,8.59
1,79.63,10.05,195.22,1
2,46.61,7.29,134.95,1
3,3.33,55.11,286.93,0
4,51.74,18.49,182.36,0
5,54.16,18.30,215.41,0
9.46,8.59
1,79.63,10.05,195.22,1
2,20.44,40.48,128.25,1
3,3.33,55.11,286.93,0
4,51.74,18.49,182.36,0
5,54.16,18.30,215.41,0
9.46,8.59
1,79.63,10.05,195.22,1
2,20.44,40.48,128.25,1
3,31.18,36.44,326.17,0
4,51.74,18.49,182.36,0
5,54.16,18.30,215.41,0
9.46,8.59
1,79.63,10.05,195.22,1
2,20.44,40.48,128.25,1
3,31.18,36.44,326.17,0
4,34.57,1.74,224.29,0
5,54.16,18.30,215.41,0
9.46,8.59
1,79.63,10.05,195.22,1
2,20.44,40.48,128.25,1
3,31.18,36.44,326.17,0
4,34.57,1.74,224.29,0
5,30.60,1.28,215.85,0
9.46,8.59
1,47.98,85.62,217.66,1
2,20.44,40.48,128.25,1
3,31.18,36.44,326.17,0
4,34.57,1.74,224.29,0
5,30.60,1.28,215.85,0
9.46,8.59
1,47.98,85.62,217.66,1
2,6.20,46.10,158.46,1
3,31.18,36.44,326.17,0
4,34.57,1.74,224.29,0
5,30.60,1.28,215.85,0
9.46,8.59
1,47.98,85.62,217.66,1
2,6.20,46.10,158.46,1
3,71.94,12.05,329.10,0
4,34.57,1.74,224.29,0
5,30.60,1.28,215.85,0
9.46,8.59
1,47.98,85.62,217.66,1
2,6.20,46.10,158.46,1
3,71.94,12.05,329.10,0
4,97.46,78.41,212.16,0
5,30.60,1.28,215.85,0
9.46,8.59
1,47.98,85.62,217.66,1
2,6.20,46.10,158.46,1
3,71.94,12.05,329.10,0
4,97.46,78.41,212.16,0
5,23.44,97.15,209.99,0
9.46,8.59
1,43.58,36.14,264.93,1
2,6.20,46.10,158.46,1
3,71.94,12.05,329.10,0
4,97.46,78.41,212.16,0
5,23.44,97.15,209.99,0
9.46,8.59
1,43.58,36.14,264.93,1
2,2.07,71.09,99.40,1
3,71.94,12.05,329.10,0
4,97.46,78.41,212.16,0
5,23.44,97.15,209.99,0
9.46,8.59
1,43.58,36.14,264.93,1
2,2.07,71.09,99.40,1
3,77.78,11.09,350.62,0
4,97.46,78.41,212.16,0
5,23.44,97.15,209.99,0
9.46,8.59
1,43.58,36.14,264.93,1
2,2.07,71.09,99.40,1
3,77.78,11.09,350.62,0
4,91.20,60.20,251.01,0
5,23.44,97.15,209.99,0
9.46,8.59
1,43.58,36.14,264.93,1
2,2.07,71.09,99.40,1
3,77.78,11.09,350.62,0
4,91.20,60.20,251.01,0
5,91.10,91.42,190.04,0
75.55,18.40
1,25.16,17.86,224.79,2
2,2.07,71.09,99.40,1
3,77.78,11.09,350.62,0
4,91.20,60.20,251.01,0
5,91.10,91.42,190.04,0
75.55,18.40
1,25.16,17.86,224.79,2
2,82.11,83.43,148.27,1
3,77.78,11.09,350.62,0
4,91.20,60.20,251.01,0
5,91.10,91.42,190.04,0
75.55,18.40
1,25.16,17.86,224.79,2
2,82.11,83.43,148.27,1
3,77.94,11.05,348.20,0
4,91.20,60.20,251.01,0
5,91.10,91.42,190.04,0
75.55,18.40
1,25.16,17.86,224.79,2
2,82.11,83.43,148.27,1
3,77.94,11.05,348.20,0
4,92.74,55.69,288.87,0
5,91.10,91.42,190.04,0
75.55,18.40
1,25.16,17.86,224.79,2
2,82.11,83.43,148.27,1
3,77.94,11.05,348.20,0
4,92.74,55.69,288.87,0
5,90.49,90.99,215.23,0
75.55,18.40
1,22.39,11.88,245.11,2
2,82.11,83.43,148.27,1
3,77.94,11.05,348.20,0
4,92.74,55.69,288.87,0
5,90.49,90.99,215.23,0
75.55,18.40
1,22.39,